4  5
    1    1        -1.8537266713
    2    1        -0.0132338850
    3    1         0.1263052701
    4    1        -0.0412891796
    5    1         0.1618415435
    1    2        -0.0132338850
    2    2        -1.4972465893
    3    2        -0.0320254327
    4    2        -0.0782978544
    5    2         0.0456067615
    1    3         0.1263052701
    2    3        -0.0320254327
    3    3        -1.1851415835
    4    3        -0.0014593848
    5    3        -0.0101705313
    1    4        -0.0412891796
    2    4        -0.0782978544
    3    4        -0.0014593848
    4    4        -0.9313305159
    5    4        -0.0012485234
    1    5         0.1618415435
    2    5         0.0456067615
    3    5        -0.0101705313
    4    5        -0.0012485234
    5    5        -0.7806777449
    1    1    1    1        0.5046581207
    2    1    1    1        0.0266602052
    2    1    2    1        0.1208374561
    3    1    1    1       -0.0674606137
    3    1    2    1        0.0156747260
    3    1    3    1        0.0676884923
    3    1    2    2        0.0007338334
    4    1    1    1        0.0239398373
    4    1    2    1        0.0231370787
    4    1    3    1       -0.0050339881
    4    1    4    1        0.0355483806
    4    1    2    2        0.0042530933
    4    1    3    2       -0.0148406943
    4    1    3    3        0.0025885830
    5    1    1    1       -0.0839430078
    5    1    2    1       -0.0173100140
    5    1    3    1        0.0128395621
    5    1    4    1       -0.0064254707
    5    1    5    1        0.0463100508
    5    1    2    2       -0.0571470719
    5    1    3    2       -0.0095140861
    5    1    4    2       -0.0080883814
    5    1    3    3       -0.0378672220
    5    1    4    3        0.0045357900
    5    1    4    4       -0.0207021528
    2    2    1    1        0.4050005641
    2    2    2    1       -0.0134263202
    2    2    2    2        0.4090982072
    3    2    1    1        0.0288718925
    3    2    2    1        0.0603123232
    3    2    3    1       -0.0102715074
    3    2    2    2       -0.0100436263
    3    2    3    2        0.0775727440
    4    2    1    1        0.0439048559
    4    2    2    1       -0.0088431556
    4    2    3    1       -0.0345918892
    4    2    4    1        0.0031746629
    4    2    2    2        0.0136252211
    4    2    3    2        0.0043278345
    4    2    4    2        0.0318310008
    4    2    3    3        0.0060287207
    5    2    1    1       -0.0257761694
    5    2    2    1       -0.0363956082
    5    2    3    1       -0.0033255641
    5    2    4    1       -0.0062970663
    5    2    5    1        0.0168764933
    5    2    2    2       -0.0113644366
    5    2    3    2       -0.0163035036
    5    2    4    2        0.0002069043
    5    2    5    2        0.0249590989
    5    2    3    3       -0.0055341996
    5    2    4    3        0.0089779015
    5    2    4    4       -0.0073410537
    3    3    1    1        0.3569613968
    3    3    2    1       -0.0143294933
    3    3    3    1       -0.0168207958
    3    3    2    2        0.3419347610
    3    3    3    2       -0.0067197471
    3    3    3    3        0.3219436232
    4    3    1    1       -0.0088385217
    4    3    2    1       -0.0538671992
    4    3    3    1       -0.0084759087
    4    3    4    1       -0.0075466130
    4    3    2    2        0.0092151373
    4    3    3    2       -0.0371759209
    4    3    4    2        0.0090844915
    4    3    3    3        0.0097773426
    4    3    4    3        0.0453355859
    5    3    1    1        0.0086275021
    5    3    2    1       -0.0020364884
    5    3    3    1       -0.0071221773
    5    3    4    1        0.0016375957
    5    3    5    1       -0.0078447479
    5    3    2    2       -0.0052742072
    5    3    3    2        0.0015224927
    5    3    4    2       -0.0007160074
    5    3    5    2        0.0039854634
    5    3    3    3       -0.0010155833
    5    3    4    3       -0.0029899818
    5    3    5    3        0.0178305163
    5    3    4    4       -0.0011995289
    4    4    1    1        0.3224798383
    4    4    2    1        0.0104237261
    4    4    3    1       -0.0230818859
    4    4    4    1        0.0042361374
    4    4    2    2        0.2911791730
    4    4    3    2        0.0173015177
    4    4    4    2        0.0184717419
    4    4    3    3        0.2746826774
    4    4    4    3       -0.0075100936
    4    4    4    4        0.2753315984
    5    4    1    1       -0.0022422168
    5    4    2    1       -0.0028802811
    5    4    3    1        0.0001158123
    5    4    4    1        0.0116519978
    5    4    5    1        0.0092691979
    5    4    2    2       -0.0002428047
    5    4    3    2       -0.0030734515
    5    4    4    2        0.0010790708
    5    4    5    2        0.0066664889
    5    4    3    3       -0.0014253394
    5    4    4    3       -0.0005643029
    5    4    5    3       -0.0036703433
    5    4    4    4        0.0002609013
    5    4    5    4        0.0258566966
    5    5    1    1        0.3839900689
    5    5    2    1        0.0440005833
    5    5    3    1       -0.0377510222
    5    5    4    1        0.0242641809
    5    5    5    1       -0.0389510365
    5    5    2    2        0.3171118569
    5    5    3    2        0.0313882766
    5    5    4    2        0.0280561409
    5    5    5    2       -0.0192513131
    5    5    3    3        0.2893333316
    5    5    4    3       -0.0190773376
    5    5    5    3       -0.0039532129
    5    5    4    4        0.2841080539
    5    5    5    4        0.0113373784
    5    5    5    5        0.3451787158
    0    0    0    0       2.2873988290
